复杂数独推理 

描述: 
数独（すうどく，Sudoku）是一种运用纸、笔进行演算的逻辑游戏。玩家需要根据9×9盘面上的已知数字，推理出所有剩余空格的数字，并满足每一行、每一列、每一个粗线宫内的数字均含1-9，不重复。每一道合格的数独谜题都有且仅有唯一答案，推理方法也以此为基础，任何无解或多解的题目都是不合格的。

常用推理规则：

1.根据行数据，可以获得需要推理的空格中可能的数据N1..Nn。再根据列数据，判断可能的数据中只有Nm满足条件，因为出Nm外的其他数据在列数据中都已经存在。

2.根据列数据，可以获得需要推理的空格中可能的数据N1..Nn。再根据行数据，判断可能的数据中只有Nm满足条件，因为出Nm外的其他数据在行数据中都已经存在。

3.根据粗线宫数据，可以获得需要推理的空格中可能的数据N1..Nn。再根据行数据或列数据，判断可能的数据中只有Nm满足条件，因为出Nm外的其他数据在行数据或列数据中都已经存在。

要求把数独数据中剩余的数字全部推理完毕。数独数据中为0的即为需要推理的数字。

运行时间限制: 无限制 
内存限制: 无限制 
输入: 9*9的整数数组，数据位0的即为需要推理的数字。
 
输出: 完成推理后的9*9整数数组
 
样例输入: 
0 9 5 0 2 0 0 6 0
0 0 7 1 0 3 9 0 2
6 0 0 0 0 5 3 0 4
0 4 0 0 1 0 6 0 7
5 0 0 2 0 7 0 0 9
7 0 3 0 9 0 0 2 0
0 0 9 8 0 0 0 0 6
8 0 6 3 0 2 1 0 5
0 5 0 0 7 0 2 8 3

样例输出: 
3 9 5 7 2 4 8 6 1
4 8 7 1 6 3 9 5 2
6 2 1 9 8 5 3 7 4
9 4 2 5 1 8 6 3 7
5 6 8 2 3 7 4 1 9
7 1 3 4 9 6 5 2 8
2 3 9 8 5 1 7 4 6
8 7 6 3 4 2 1 9 5
1 5 4 6 7 9 2 8 3 
